FNO优化配置 (包含kappa_d)
==================================================
种群大小: 20
迭代次数: 30
最优适应度: 0.037427
收敛迭代: 17

参数边界:
  gamma1: [50.0, 500.0]
  gamma2: [50.0, 500.0]
  gamma3: [50.0, 500.0]
  kappa_c: [1.0, 100.0]
  kappa_a: [1.0, 100.0]
  kappa_d: [0.1, 10.0]
  sigma: [0.01, 2.0]
  rho: [0.5, 10.0]

最优参数:
  gamma1: 500.000000
  gamma2: 407.321518
  gamma3: 157.477802
  kappa_c: 14.314130
  kappa_a: 100.000000
  kappa_d: 10.000000
  sigma: 1.907713
  rho: 0.500000
