真正的FNO优化配置
==================================================
种群大小: 20
迭代次数: 30
最优适应度: 0.039970
收敛迭代: 30

参数边界:
  gamma1: [50.0, 500.0]
  gamma2: [50.0, 500.0]
  gamma3: [50.0, 500.0]
  kappa_c: [1.0, 100.0]
  kappa_a: [1.0, 100.0]
  kappa_d: [0.1, 10.0]
  sigma: [0.01, 2.0]
  rho: [0.5, 10.0]

最优参数:
  gamma1: 498.713474
  gamma2: 365.722809
  gamma3: 102.562080
  kappa_c: 59.557494
  kappa_a: 77.391294
  kappa_d: 6.378039
  sigma: 0.776154
  rho: 0.507152
